RND
Copyright © 2014
Yael Arturo Chavoya Andalón
----------------------
-80
12
-8
-96
-88
37
-86
-65
-96
64
-14
20
23
16
35
-76
-50
-22
96
-55
-58
4
18
29
-16
81
-61
-90
49
-21
-11
68
-23
-5
49
35
-31
21
-82
-81
24
57
-96
13
89
9
-99
8
-93
8
52
28
99
34
-79
59
-100
-77
-92
-47
18
76
-96
-90
-54
38
18
-70
-75
51
75
-51
-20
-61
62
43
45
39
58
0
27
54
-83
21
18
80
41
52
20
-85
27
84
76
5
-39
41
3
-32
21
61
----------------------
14
12
-37
-36
6
39
88
-5
71
-9
84
-48
-1
-47
-57
-80
-9
-21
67
4
46
68
53
98
-37
-33
50
56
79
-30
97
10
71
-4
20
95
-75
85
6
-12
-10
-16
3
-55
-82
-54
63
-34
-91
-28
-14
-3
-36
99
10
-72
67
50
6
86
48
13
66
-95
40
38
-11
-64
41
-73
-25
31
-41
26
-28
-25
75
29
19
-4
67
55
-58
27
-79
-56
-72
-26
-14
43
-75
-69
-33
5
-15
99
-41
31
-92
-18
